time,x,y,z,phi,theta,psi,x_velocity,y_velocity,z_velocity,phi_velocity,theta_velocity,psi_velocity,rotor_speed1,rotor_speed2,rotor_speed3,rotor_speed4
0.06,5.94100561152e-08,1.59370783931e-07,9.99975144769,0.000193278865622,6.28288235805,0.0,1.27375373153e-05,1.41998280122e-05,-0.00828509758985,0.00899024551585,-0.0177817524986,0.0,401.4279646142323,399.81137286316476,401.1250739486873,401.940527319368
0.12000000000000001,1.15665171525e-05,7.15743835357e-06,10.0028777273,0.000492022519891,6.28156332625,0.0,0.000494405275173,0.000264720655867,0.112489464943,-0.00457680567404,-0.0320962759364,0.0,443.66989554821293,442.49309583158094,444.357795726786,443.2444347091282
0.18,8.08277719154e-05,3.21618808175e-05,10.01234431,6.2829445987,6.28020915913,0.0,0.00197451573725,0.00052604511233,0.203050507697,-0.0353986163841,-0.00825464767627,0.0,432.42236560272295,434.42561908896477,435.69836113783816,433.1143065909465
0.23999999999999996,0.000270149602815,4.89406308625e-05,10.0300261553,6.28060185425,6.279241939,0.0,0.00440975560472,-0.000220673010904,0.386299138242,-0.0475730442252,-0.0405320032388,0.0,463.71960806813433,461.1775597566063,463.2807341640883,462.3219284927843
0.3,0.000621999277801,-2.54510665419e-05,10.0553876863,6.27825239116,6.27656445381,0.0,0.00756717102148,-0.00251013657529,0.459056224423,-0.0261540439117,-0.0544130536372,0.0,428.6372474066395,427.45487467800496,427.73056543587944,429.5495546792332
0.36000000000000004,0.00124527112105,-0.000298484120214,10.0886921756,6.27641295116,6.27326682145,0.0,0.013587259977,-0.00678521792853,0.650999314929,-0.0416675978677,-0.0560781781123,0.0,465.08205727962667,464.94975878661023,466.42723576395923,465.21396416185013
0.4200000000000001,0.00222754371955,-0.000820375148091,10.125983599,6.27415498647,6.27040275461,0.0,0.0193969412646,-0.0107972614597,0.592077058618,-0.0305879178378,-0.0348184579574,0.0,383.049744536241,385.0639469726214,382.690187600241,383.7422654517295
0.48000000000000015,0.00366046235537,-0.00165991430685,10.1642987817,6.27209145872,6.26852892731,0.0,0.0285655312814,-0.0173823253924,0.685039370185,-0.043357540734,-0.0248789840119,0.0,434.9195580662196,435.7507407824172,435.3410257246159,434.2708202690442
0.5400000000000001,0.00568146412008,-0.00294080391139,10.2083045359,6.26905916944,6.26665556545,0.0,0.0389663191654,-0.0255925368804,0.781751359839,-0.0714854175421,-0.0485933848037,0.0,437.6485467375332,435.6700533370841,437.30465175645725,434.95371902918225
0.6000000000000002,0.00841054859444,-0.00481834918439,10.2604649347,6.26462861112,6.26380865311,0.0,0.0523266794686,-0.0374829045764,0.956784332361,-0.0790283734485,-0.0452525869965,0.0,461.1617282958605,461.4242315350881,460.6058527992723,460.00494155984694
0.6600000000000003,0.0120073349374,-0.00751448613238,10.3232366986,6.25937430954,6.26153607752,0.0,0.0678428730677,-0.0529400954923,1.13542958615,-0.116081926837,-0.0261634377593,0.0,462.24133079304295,463.74230848230144,462.890225161142,459.95863543194673
0.7200000000000003,0.0165121788514,-0.0111877014659,10.3934912319,6.25238400526,6.25992388728,0.0,0.0824722055607,-0.0701801644517,1.20629339439,-0.117364252157,-0.028321222112,0.0,430.07007882127067,429.88710511647184,428.0697392712299,427.94788725806774
0.7800000000000004,0.0218869781027,-0.0159792685273,10.4662936866,6.24540517973,6.25781985473,0.0,0.0968520564907,-0.0901641049734,1.2204138738,-0.114293307197,-0.0540875692678,0.0,411.67700695923054,409.3901711505049,410.16761438441796,410.4268765289463
0.8400000000000004,0.0282665820207,-0.0222440755924,10.5437395813,6.23843666055,6.25458720954,0.0,0.116147007363,-0.119402704722,1.36091708444,-0.120118450056,-0.0534605593829,0.0,451.68818955399087,451.7368750286043,451.1720480454571,450.68965214138615
0.9000000000000005,0.0357951940242,-0.0302914935817,10.6268930839,6.23153954934,6.2511086009,0.0,0.135119070229,-0.149507050156,1.41076179794,-0.106233881005,-0.0690230789046,0.0,423.22592220991487,421.8818443257464,422.6557699438752,423.8379663096191
0.9600000000000005,0.0446257532273,-0.0404264667599,10.7158990997,6.22486276311,6.2474740871,0.0,0.159645006182,-0.189021448791,1.55586152061,-0.123987374949,-0.0475341939933,0.0,452.5421535254937,454.2657201025364,454.14449526699707,452.7074516351865
1.0200000000000005,0.0549411202311,-0.0529812059231,10.8118859663,6.2171995684,6.24445977666,0.0,0.184488867476,-0.230217539089,1.64351495718,-0.136475927869,-0.056282869745,0.0,436.2431982095418,435.51044738367256,436.55128870183745,435.49266939619633
1.0800000000000005,0.0668280894439,-0.0681973644239,10.9135827247,6.20875924606,6.24056897948,0.0,0.21209729788,-0.277826698068,1.74614323976,-0.150751384882,-0.0935100772745,0.0,443.26609290298364,440.1927097516804,441.1367948607432,439.9377122154797
1.1400000000000006,0.0803875183143,-0.0863199983189,11.0197373114,6.19967852024,6.23483477439,0.0,0.240413673804,-0.327106658288,1.79216998326,-0.152559237242,-0.100042362745,0.0,424.64626289410097,424.0772962573712,422.51481213589807,422.33604520949984
1.2000000000000006,0.0960436150648,-0.108069365756,11.1344665609,6.19132183913,6.23018139664,0.0,0.282066391697,-0.398899894464,2.03159975938,-0.121026240386,-0.0519106034383,0.0,481.28906236693206,484.9127033086765,482.5457985407331,484.9031368744368
1.2600000000000007,0.114170835036,-0.134095696562,11.261070611,6.18434942316,6.22729803768,0.0,0.322487198081,-0.469401191602,2.1881339766,-0.107992246624,-0.0412892363582,0.0,459.4295388397698,460.2695037376971,459.4506224797029,460.47109405998447
1.3200000000000007,0.134938763638,-0.164777572147,11.3997587659,6.17748336857,6.22496158348,0.0,0.370043731876,-0.554096968242,2.43418180254,-0.132177561259,-0.0346164038295,0.0,485.87736285297797,486.3767316114789,489.22571721010246,487.41090118154574
1.3800000000000008,0.158238982702,-0.200031700978,11.5467853756,6.16964113224,6.22271320671,0.0,0.406821245121,-0.621759492166,2.46651688656,-0.127911423572,-0.0439032089071,0.0,423.41468507132487,422.61422478136325,422.1017389994653,422.453073306544
1.4400000000000008,0.183645166096,-0.239222174473,11.6933982035,6.16178366925,6.22070555405,0.0,0.44023623789,-0.685227220822,2.42056481958,-0.137869453071,-0.0181199571936,0.0,394.81200800324274,397.18296865700165,396.9106683980678,395.9775851046827
1.5000000000000009,0.211430857088,-0.283028140669,11.8427132975,6.1536007828,6.21937838949,0.0,0.486056997056,-0.775819294067,2.55614803295,-0.133563173205,-0.0316407848508,0.0,456.3246906239895,455.2440853477569,456.4097355781615,456.7366216991088
1.560000000000001,0.241976543081,-0.332405808935,11.9998177183,6.14537471813,6.21733557524,0.0,0.532315971976,-0.87092278953,2.6802026087,-0.145319840195,-0.0393538134459,0.0,453.28420552962956,452.66349216696915,454.6889377190512,453.72901641872033
1.620000000000001,0.275436901598,-0.387867278337,12.1657437959,6.13626398219,6.21506941339,0.0,0.58325512863,-0.978730560732,2.85003067045,-0.16991882208,-0.0347758495881,0.0,468.59521455861744,468.95034506260527,469.3861173650085,467.4522167501464
1.680000000000001,0.311706215799,-0.449369762325,12.3375357103,6.12598537033,6.21272701747,0.0,0.625910324002,-1.07227567383,2.87608105134,-0.174244745874,-0.0493309654774,0.0,424.5310239824587,423.2793624051424,425.28468858360674,424.88433161247053
1.740000000000001,0.350939565198,-0.517476891241,12.5158417899,6.11593823443,6.20961530082,0.0,0.682174307674,-1.19905787735,3.0666450606,-0.156506082036,-0.0574745635425,0.0,477.32179009540266,476.6983498278218,476.0005371007082,477.33108189689545
1.8000000000000012,0.39348740271,-0.593117482115,12.7037407173,6.10675787839,6.2066064801,0.0,0.736391803827,-1.32321789678,3.19599652627,-0.14679908782,-0.038497538914,0.0,459.4512639845177,460.95180224257155,459.35851103509975,460.10634268435484
1.8600000000000012,0.439414729849,-0.676557472699,12.9002009828,6.09819185979,6.20404485019,0.0,0.794738685793,-1.4589881721,3.35191244436,-0.135732111741,-0.0527846842268,0.0,469.82451270835077,468.71450279425994,469.23449910284046,470.0749799616391
1.9200000000000013,0.488461627257,-0.767311356465,13.1005441688,6.08950616496,6.20079684159,0.0,0.840421276804,-1.56684961286,3.32601395767,-0.176930694394,-0.0569763759766,0.0,411.4557482785814,411.082246340082,415.2818627267542,411.6289103669592
1.9800000000000013,0.540284892284,-0.864649548741,13.2990645787,6.079313843,6.1971294969,0.0,0.887307670627,-1.6786297634,3.2911223914,-0.158578867526,-0.0710639805103,0.0,411.2489498985111,409.99604918665875,408.03856811577856,409.6429881710183
2.0400000000000014,0.595267788619,-0.969529925283,13.4986349042,6.06984789,6.19262609366,0.0,0.945851447651,-1.81826010486,3.36062661047,-0.156189581539,-0.0845533292077,0.0,445.17314710050186,444.06342805559,445.686093160103,445.8578287146455
2.1000000000000014,0.653736515975,-1.08270330132,13.7010586956,6.06048261543,6.187682711,0.0,1.00354271973,-1.95501758242,3.38635975937,-0.155885599423,-0.0783824582088,0.0,432.0880888255971,432.60230099777755,432.0737091634053,432.07551863356423
2.1600000000000015,0.715690354067,-1.20410565224,13.904303664,6.05235351191,6.18297459995,0.0,1.06198183745,-2.09247701978,3.38808182962,-0.111291022727,-0.0786410883953,0.0,425.52956528884647,425.5022094246572,423.0224928104069,426.8259958573227
2.2200000000000015,0.781018928796,-1.33341281852,14.1055451035,6.04583822475,6.17848457671,0.0,1.11599799825,-2.21833429427,3.31986014753,-0.103670711322,-0.0681417109743,0.0,401.71051349851615,402.65646459735433,400.8319548576429,401.51212663492316
2.2800000000000016,0.85032983903,-1.47188522577,14.3088412781,6.03975119592,6.17456270488,0.0,1.19472541452,-2.39797066553,3.45581500853,-0.0973467064034,-0.0603222470019,0.0,469.08305279553844,469.68698867505606,469.7454965078322,470.22735200673145
2.3400000000000016,0.924335030432,-1.62103089969,14.5192579243,6.03378618754,6.17144923731,0.0,1.27238800055,-2.57407977341,3.55731090718,-0.103912820033,-0.0388694812988,0.0,459.5643638986827,461.2599953313831,461.403592221947,460.8767377505198
2.4000000000000017,1.0030199319,-1.78079482813,14.7353855898,6.02811536965,6.16887365247,0.0,1.35061545032,-2.75191311108,3.64620541914,-0.0803528312769,-0.0526112317914,0.0,459.3095883815228,458.21737236116746,457.16427342511366,459.03025135158657
2.4600000000000017,1.08650610992,-1.95147427273,14.9572641143,6.02355133089,6.16623868703,0.0,1.43246875464,-2.93780367373,3.74894615134,-0.0686434326811,-0.0305764322327,0.0,463.46475775836467,465.19242165790155,463.9238932144527,464.838124775352
2.520000000000002,1.1749949829,-2.13351230885,15.1856275262,6.01933234597,6.16454529074,0.0,1.51724583369,-3.13047908983,3.86231915782,-0.0738899030292,-0.0238901939234,0.0,468.864843919736,469.38389525488924,469.7540654337576,469.3435182322562
2.580000000000002,1.26786334237,-2.32560546333,15.4147969676,6.01468301875,6.16346983045,0.0,1.57845167054,-3.27310107927,3.77663517523,-0.0858796515046,-0.00807720921685,0.0,404.1582440144975,405.5811722731323,405.18191468028255,404.09690889439065
2.640000000000002,1.36492305144,-2.52747644765,15.6428767809,6.01014098748,6.16274657167,0.0,1.65684681983,-3.45637703276,3.82540221613,-0.060654760272,-0.0215126113845,0.0,451.81739309896165,450.7328757122005,449.31076381965727,451.3466946759526
2.700000000000002,1.46706961972,-2.74128239987,15.8768112464,6.0066548652,6.16248923613,0.0,1.74797349434,-3.67076085756,3.97137470763,-0.0534332083554,0.017485253937,0.0,481.25783180073404,484.20094697680554,482.1880682379316,482.731302074248
2.760000000000002,1.57460479156,-2.96789457766,16.1189174173,6.00465173818,6.16387442279,0.0,1.8362589088,-3.88316048176,4.09790985144,-0.00943165557161,0.0324272783774,0.0,478.39576645491945,479.532296836527,476.86328283371154,480.212359398412
2.820000000000002,1.68728080316,-3.20705488761,16.3676790448,6.00436225217,6.16602700679,0.0,1.91926809375,-4.08887808606,4.19342793063,0.00308407092243,0.0420082768805,0.0,471.2709145859376,472.01147861670927,469.84416020652174,470.8137130287458
2.880000000000002,1.80455747797,-3.45783965566,16.6195116437,6.00466172905,6.16857823042,0.0,1.98964638258,-4.2707128458,4.20070165654,0.00855633752937,0.0435251648512,0.0,444.1907376885548,444.31612284717124,443.91846010117604,444.36726053273287
2.940000000000002,1.92638712104,-3.72049860308,16.8750278162,6.0050484151,6.17177637557,0.0,2.07088278987,-4.48452860945,4.3157126792,0.00184622222453,0.0678999630569,0.0,477.84681498016454,479.7031483333874,479.560072595879,479.0499319459629
3.000000000000002,2.05304470636,-3.99612030313,17.1377788409,6.00499072031,6.17563239418,0.0,2.15044862395,-4.70284058527,4.44178142411,-0.00727028531574,0.0557808564472,0.0,485.20578075857514,484.2975645279281,483.6566377945798,482.96945469486195
3.0600000000000023,2.18379488951,-4.28338662453,17.4028242592,6.00462652117,6.1790985117,0.0,2.20755620544,-4.87296773357,4.39301471218,-0.00377132127192,0.0614725950169,0.0,429.371031309125,429.8561541222434,429.9196674749736,430.21618971582967
3.1200000000000023,2.31798858321,-4.58114430965,17.6657381181,6.0042841056,6.18248398739,0.0,2.26518927779,-5.05252280018,4.37059930764,-0.00989032326893,0.0437016274342,0.0,440.05277341593995,438.581120256504,438.6261963049472,438.1177302085349
3.1800000000000024,2.45601856827,-4.8909519275,17.9315492752,6.00345096225,6.18494736464,0.0,2.33539291649,-5.2744796996,4.48882840933,-0.0233963800585,0.0351589707173,0.0,484.38212671723653,483.7398938080596,484.3777204835385,483.36090164836514
3.2400000000000024,2.59765660296,-5.21262481357,18.1991307293,6.00170221193,6.18665690732,0.0,2.38566896182,-5.44833697745,4.43046002745,-0.0442748603757,0.00980464538048,0.0,430.66821298330973,428.5180971562313,429.96875079005775,428.19552202253385
3.3000000000000025,2.74217777116,-5.54452524279,18.4621898916,5.99937389704,6.18786511065,0.0,2.43160413202,-5.61550546982,4.33819542587,-0.0296507693464,0.0353581277673,0.0,417.07519470566376,419.3015847259163,416.98335328499496,418.25831741402436
3.3600000000000025,2.8893981118,-5.88646967726,18.7194305369,5.99732594989,6.18969003454,0.0,2.47556364409,-5.78313440093,4.23658552263,-0.0450764951818,0.0180296461003,0.0,414.90206883728416,413.3779094546238,415.58723194929905,414.23200189016916
3.4200000000000026,3.0392953159,-6.2387857161,18.9713008193,5.99465621134,6.19077859279,0.0,2.52088668949,-5.96125446741,4.15899140131,-0.0433588727654,0.0183676526705,0.0,423.61087242681157,423.6398967591247,421.9329188480033,422.07996902819787
3.4800000000000026,3.19193167033,-6.60203580496,19.2189674886,5.9919456741,6.19252097329,0.0,2.56682322713,-6.14760136811,4.09637712283,-0.0490807598965,0.0446324344629,0.0,427.3453479679632,429.57904823045965,428.23986084958426,427.75149143133785
3.5400000000000027,3.34755450675,-6.97744534447,19.4657378831,5.98939843969,6.19536790227,0.0,2.62023618906,-6.36648720054,4.12861484974,-0.0317162670699,0.0525565930699,0.0,459.66101653443485,460.2899361508884,459.4469052076247,460.8208399582411
3.6000000000000028,3.50658053586,-7.36698985071,19.7173343767,5.98751140349,6.19901748042,0.0,2.68009800938,-6.61859541387,4.25676054616,-0.0309245940654,0.073651411375,0.0,490.66860077156934,492.234591649242,490.74240041101314,490.80092580909076
3.660000000000003,3.66858229978,-7.76997436875,19.9706729344,5.98594927424,6.2032874934,0.0,2.71954814951,-6.81475993,4.1877513982,-0.0177130779203,0.0656698205487,0.0,431.5941643416903,430.92387005992254,429.42543846992675,430.54474030546214
3.720000000000003,3.83324159244,-8.18620936451,20.2243319297,5.98438621334,6.2077922133,0.0,2.76852493719,-7.0600505404,4.2666402183,-0.0532425120261,0.089252920414,0.0,477.8465695471417,479.64512626022906,480.0803422571695,477.3760699170144
3.780000000000003,4.00057389942,-8.61668375286,20.4807352846,5.98139146016,6.21309100052,0.0,2.80861312105,-7.28965313387,4.27947293572,-0.0439711233709,0.086365367199,0.0,459.9762668599664,459.75368014964795,459.838632563894,460.57115826026535
3.840000000000003,4.17020299914,-9.06109947611,20.7379462514,5.97842882836,6.21827166166,0.0,2.84509953191,-7.5247547363,4.29353911936,-0.0632973194313,0.0863023178166,0.0,461.3652201593499,461.36609150766117,463.0864848306764,461.561902483137
3.900000000000003,4.3417973131,-9.51924949379,20.9943021981,5.97479114719,6.22377811312,0.0,2.87417019555,-7.74761280117,4.25121323474,-0.0557645254182,0.100928275886,0.0,444.88738773116614,446.09058470825374,444.3595353941778,444.97413598098814
3.960000000000003,4.51511870219,-9.99142397714,21.2496303487,5.97107391436,6.2303001164,0.0,2.90251314943,-7.99218423479,4.25898278351,-0.0787146708986,0.120906158942,0.0,461.363577743871,462.9482924527454,463.4297002748878,461.6190255563749
4.020000000000002,4.68979685547,-10.477251824,21.5016838984,5.96668800444,6.23827799592,0.0,2.91944498701,-8.20296479025,4.1427171374,-0.0637403811137,0.150004754204,0.0,420.7617647212465,423.2907688561443,422.61147814166196,423.8960200742057
4.080000000000001,4.86547259249,-10.9767859825,21.7494275963,5.96254150736,6.24720764807,0.0,2.93551265345,-8.44895255665,4.11481392191,-0.0828947426979,0.146365732477,0.0,453.4148795521485,453.14268052910495,452.8493638198091,451.3019117809547
4.14,5.04187191503,-11.4906913255,21.9937128725,5.95751085909,6.25613328861,0.0,2.94367016462,-8.68215264204,4.02767534924,-0.0858126030143,0.153160264516,0.0,435.15262970563737,435.74240511022583,433.3384338191142,433.08707475039165
4.199999999999998,5.21864904134,-12.0194298012,22.2346164269,5.95222474007,6.26532866036,0.0,2.94797895032,-8.94335159851,4.00165867774,-0.093122691011,0.153447129817,0.0,454.45857634211546,454.5031644837023,456.93291688315105,456.3433931694723
4.259999999999997,5.39543072547,-12.5626553257,22.4698269456,5.94655657154,6.27468365976,0.0,2.94402841357,-9.16526224035,3.83866504092,-0.0973068349688,0.160441921696,0.0,410.75565999331906,411.40078530609503,409.9237824290083,409.5432792734227
4.319999999999996,5.57184905494,-13.1205000731,22.6983237597,5.94015505171,0.00190752901015,0.0,2.93563587125,-9.43058187723,3.77717204548,-0.142319921454,0.191504613362,0.0,444.79194665611533,447.35712545129223,447.48077250673566,443.78909981747057
4.379999999999995,5.7475626144,-13.6943651744,22.9226442289,5.93118853997,0.0135584516078,0.0,2.92042755333,-9.69943584258,3.69929664772,-0.170088004355,0.199053749514,0.0,442.3217444823892,442.9800371326006,442.9877514681504,440.675976362192
4.439999999999993,5.92206749931,-14.2863817663,23.146905847,5.92054907912,0.025209613087,0.0,2.89505749235,-10.0356029345,3.77397871375,-0.198491703099,0.182063357093,0.0,494.5304164362456,493.30948091264054,493.61486566807565,491.486051589122
4.499999999999992,6.09477513095,-14.8989913987,23.3756857901,5.90862521862,0.0360869784182,0.0,2.86064070269,-10.3859324872,3.84958777895,-0.199213153185,0.179697291639,0.0,497.8549180274017,497.70965298386943,498.4118118456252,498.32510956902183
4.559999999999991,6.26516517109,-15.5329513742,23.6087231905,5.89619923888,0.0468037650842,0.0,2.81785097301,-10.7472620349,3.9157609521,-0.231546602012,0.176354980909,0.0,501.1306774654375,500.9144486455232,500.7026602115537,498.3059703497542
4.6199999999999894,6.43296046162,-16.1872354004,23.8412884722,5.88201828267,0.057176703266,0.0,2.77439581563,-11.0635639655,3.83459067412,-0.248259881604,0.164843796597,0.0,459.085767337432,458.19883049984674,460.4549479329992,459.0763256546127
4.679999999999988,6.59806457885,-16.8601227333,24.067078238,5.8670167779,0.0671986737577,0.0,2.7282817858,-11.367428165,3.69014566682,-0.253803683742,0.171080941639,0.0,441.6174294752,442.1585656028851,442.4328883877613,441.91295886423444
4.739999999999987,6.76005139011,-17.5526398697,24.2863672291,5.85217525476,0.0774401288177,0.0,2.67038393139,-11.7178193274,3.61715484907,-0.236879571094,0.169900377807,0.0,470.33266133709714,470.2673789496793,469.1051788034708,470.3599125274555
4.799999999999986,6.91872215551,-18.2646707268,24.4969631273,5.83813735123,0.0874582026955,0.0,2.61791848611,-12.018013789,3.40142102227,-0.228703939425,0.160352077695,0.0,426.361796223198,425.572871119393,425.295617516719,425.9382977966162
4.859999999999984,7.07381305999,-18.9964131071,24.6972678875,5.82448539084,0.0969152819809,0.0,2.55102884579,-12.3747446475,3.27325876646,-0.225291578315,0.151505316469,0.0,460.1813890872763,459.5029294157886,460.068985607719,460.2896846007051
4.919999999999983,7.22505035944,-19.7484520888,24.8866672212,5.81141462376,0.106404010394,0.0,2.48957754736,-12.6947263351,3.03862727697,-0.206060903202,0.168891559136,0.0,426.15049736585496,427.65915199008026,426.80310379842473,428.3924606467213
4.979999999999982,7.37249288234,-20.5198868798,25.0614842542,5.79893744287,0.116424420551,0.0,2.42448841938,-13.0213257699,2.78721911283,-0.212026816566,0.162948608211,0.0,424.41767138831807,423.9352134906855,425.2565411837051,424.7002282345693
5.0399999999999805,7.51582772809,-21.3114968223,25.2214193734,5.78594640255,0.126541232769,0.0,2.35266964222,-13.3672215999,2.54226412602,-0.227465707061,0.178033064924,0.0,430.03461658848477,431.3389102897448,431.4420329332216,430.0877092628464
